timestamp,position,speed
0,0,10
1,10,12
2,22,14
3,36,16
4,52,18
5,70,20
6,90,22
7,112,24
8,136,26
9,162,28
10,190,30
11,220,32
12,252,34
13,286,36
14,322,38
15,360,40
16,400,42
17,442,44
18,486,46
19,532,48
20,580,50
21,630,52
22,682,54
23,736,56
24,792,58
25,850,60
26,910,62
27,972,64
28,1036,66
29,1102,68
