timestamp,position,speed
0,0,100
1,100,97
2,197,94
3,291,91
4,382,88
5,470,85
6,555,82
7,637,79
8,716,76
9,792,73
10,865,70
11,935,67
12,1002,64
13,1066,61
14,1127,58
15,1185,55
16,1240,52
17,1292,49
18,1341,46
19,1387,43
20,1430,40
21,1470,37
22,1507,34
23,1541,31
24,1572,28
25,1600,25
26,1625,22
27,1647,19
28,1666,16
29,1682,13
