timestamp,position,speed
0,0,61
1,61,37
2,98,79
3,177,65
4,242,99
5,341,76
6,417,94
7,511,30
8,541,72
9,613,24
10,637,72
11,709,70
12,779,96
13,875,54
14,929,72
15,1001,61
16,1062,64
17,1126,68
18,1194,21
19,1215,79
20,1294,91
21,1385,84
22,1469,73
23,1542,83
24,1625,90
25,1715,62
26,1777,53
27,1830,65
28,1895,66
29,1961,53
